2022-01-12
12.0, 12.0, 12.0
2022-01-12
12.0, 12.0, 12.0
2022-01-12
34.0, 12.0, 32.0
2022-01-12 {2.0} {2.0} {2.0}
2022-01-12,1.0, 1.0, 1.0
2022-01-12,20.0, 20.0, 20.0
2022-01-12 ,11.0, 11.0, 11.0
2022-01-12 ,30.0, 30.0, 30.0
2022-01-12, 5.0, 5.0, 5.0
2022-01-12, 3.0 , 3.0 , 3.0 
2022-01-12, 205.0 , 60.0 , 15.0 
2022-01-12, 20.0 , 10.0 , 5.0 , 0.016210618092523332 
2022-01-12, 30.0 , 40.0 , 50.0 , 1.45 , 803-521-3566 , 
2022-01-12, 70.0 , 80.0 , 90.0 , 28.84 
2022-01-12, 12.0 , 14.0 , 16.0 , 0.03 , 123-456 , 
2022-01-12, 1.0 , 2.0 , 3.0 , 0.00 
